-32001
-28161
-28161
-32001
-32001
-31489
11263
11263
11263
11263
16127
16127
9471
9471
16127
16127
15103
15103
11519
11519
10495
10495
11263
11263
5375
5375
8191
8191
7167
7167
9471
9471
10495
10495
9471
9471
9471
9471
9471
9471
11263
11263
3583
3583
3071
3071
6655
6655
3583
3583
-4353
-4354
3070
3071
-1025
-1026
-1026
-1026
1022
1023
4863
4863
6655
6655
3071
3071
6655
6655
17407
-2050
-2050
-2050
-2050
1278
1279
-1281
-1282
1022
1023
-1025
-1026
-1282
-1282
-4354
-4354
-4354
-4354
-5890
-5890
-6658
-6658
-2562
-2562
-258
-258
254
255
-4353
-4354
254
255
-2049
-2050
-3074
-3074
2046
2047
-4353
-4354
254
255
3583
3583
-2049
-2050
-258
-258
-4354
-4354
-1026
-1026
1022
1023
-2049
-2050
3582
3583
-2049
-2050
-5378
-5378
6654

